$ANSIBLE_VAULT;1.1;AES256
65636166643766353231663065356432376362613234383236633561313732653531653937303764
3034346634363239383061363364303130316434353537370a326130363966636339363630323133
65336135366237376532393364366633636330333639376562336165373931303066306261366432
6431643632633838610a333533643435663237333932343136616332303932346130313533303239
65303235656237656662613831633430663766363937363039363264343636346239343164323133
61356262646631336539376634633531613765396330616534376338336239363137643739313261
32383766396432613164376633636137303733643839666637346366393861323130363135326233
65616233656530373766323630306335376362313538633962326636626538303838316264343165
39333962323538646635376335313266356630343630346639396462373261373032333462666662
63366665353365623234313332343666636562376135343839366636353433613362663033666237
39363837373634336237316132383366353635626265643530313137383336363366373861616162
32666431343233356432
